178.80904112419526
178.80904112419526
178.80904112419526
178.80904112419526
176.41557242964083
176.41557242964083
143.4936348801086
178.96899995438577
176.925373086313
147.97247871447746
141.9630035836145
142.19298028467824
153.77214060643223
184.6991505923882
142.70847315937672
157.98489774846277
176.98960673787872
178.4996778988269
142.9394996062115
180.11540417794527
195.9144552505445
156.91327499662324
160.87597901393414
143.45898553985185
177.15518765963307
146.00541961197914
144.03795680058386
157.5739874687697
184.6744445250173
157.5303881606965
147.2697679289416
190.4171425086159
161.3825787726275
160.8634617057896
151.0502232435213
186.4352093295453
157.67901138216902
184.2208954997993
183.6416642410394
182.27655925359045
162.44812415989637
148.88026549679515
157.92567861831998
156.6895875643009
184.45034410470868
93.44397785017834
181.15264277325497
163.0971935526033
163.00682496811032
162.2091500576933
161.43760091971953
146.86686771923587
160.56091163740766
179.90230307259478
182.75389441122036
162.3358630244062
163.4425248227477
159.64603710164374
163.1386828676695
164.73760786178488
180.59117030810378
162.48205529041005
182.95551608695817
163.77673541299805
158.87233844330044
161.86233891611658
158.88696212076616
144.21241813291934
163.74558109399416
162.21738355255926
164.16834523070682
162.79094257912973
165.38710176205956
163.51046416630933
157.944897833026
161.45552027477012
183.45363316037924
160.2586170771035
185.40680852498414
186.4066389567496
154.92366198813937
184.04049909484095
186.61235986700612
184.17393785185865
161.52307078911346
180.31549508765437
180.84769757036756
155.6462837649076
144.49846763027728
149.33391266852058
185.41538075647065
185.76164681956809
158.23847099047745
184.12083780997423
179.6785422779927
179.482799067527
153.85025679525867
179.68177913605055
181.4839993024854
